5357.69
5520.69
5336.09
5441.39
5628.09
5732.59
5909.29
6128.09
6253.89
6432.29
6300.79
6616.19
6685.29
6761.89
6939.39
7174.29
7112.49
6846.19
6756.09
6730.49
6783.09
6708.49
6630.39
6532.29
6759.49
6671.49
6975.59
7205.89
7239.09
6826.19
6664.19
6604.79
6380.39
6317.49
6299.29
6825.69
6932.09
7196.99
7059.69
7045.69
7049.79
7451.39
7455.29
7723.89
7749.09
7958.99
8182.49
8113.39
8516.79
8900.09
9227.29
9450.49
9797.09
10242.89
10572.29
10534.69
10410.19
9888.29
10025.59
9762.39
9836.89
10153.69
10005.69
10265.59
9748.09
9765.69
10109.49
10542.89
10636.69
10952.49
10559.19
10493.69
10217.99
9919.49
9417.19
8382.99
8337.29
7707.99
7628.69
7969.29
7156.89
7381.19
8455.29
8410.19
8799.99
9204.09
8842.09
9431.89
9877.29
9381.99
9236.19
9351.89
9866.79
9836.59
10412.29
9596.29
9611.99
9878.79
9809.29
9739.39
9840.89
9997.29
10004.99
10094.69
10073.69
9659.09
9740.69
10101.89
9777.29
9901.59
9975.39
10154.99
10167.19
10213.69
10030.59
10244.69
10195.29
10337.49
10290.29
10402.29
10333.19
10119.19
9771.59
9391.89
9140.69
9561.69
9738.29
10058.39
9943.09
10026.59
9728.19
9617.69
9482.79
9770.89
9376.69
9389.39
9741.49
10231.29
10469.89
10792.99
10971.29
11309.99
11434.49
11613.09
11686.59
11641.39
11102.39
11183.99
10969.29
11009.29
11580.09
12432.59
12367.99
12690.89
12744.99
12513.69
12369.79
12213.79
11934.99
11790.59
11363.89
11501.99
11467.89
11560.89
11102.59
10544.89
10437.09
11141.49
10873.19
10723.79
10533.09
10581.29
10896.69
11002.59
10879.59
10559.99
10583.39
11094.59
11065.49
10818.29
11170.09
11103.29
11463.09
11029.39
10949.99
11149.99
10385.39
10443.59
10395.69
10542.69
9985.99
9845.89
9642.29
9339.39
9497.29
9155.69
9038.99
9109.79
9601.39
9890.19
9955.49
10090.09
9848.49
9936.29
9789.49
9344.79
9570.89
9726.59
9289.99
8810.49
9308.29
9328.39
9648.79
9547.49
9634.59
9542.69
9684.49
9728.39
9468.39
9399.39
9607.29
9363.29
8925.19
8878.39
8501.89
8303.89
8304.09
8216.99
8564.69
8202.99
8200.09
8540.59
8321.09
7727.19
6911.79
6498.39
7313.99
7169.29
7553.09
7590.69
7958.29
7677.49
8221.99
8536.59
8531.69
8364.69
8703.19
8281.59
8284.89
8397.59
8463.09
7983.09
8008.79
8184.99
8171.09
7829.79
7920.39
7662.39
8230.69
8369.69
8318.79
8345.99
8249.69
8170.09
8027.29
8420.39
8181.99
8018.99
7897.09
8090.59
7950.19
7949.89
7480.59
7128.19
6925.49
6912.99
7078.39
6724.59
6420.39
6303.39
6114.09
6400.29
6326.59
6590.09
6435.69
6261.59
6141.29
5761.09
5630.59
5499.19
5660.99
6010.79
6092.49
6139.39
6074.19
6250.79
6539.19
6685.59
6425.29
6120.59
6207.99
6081.29
6237.29
6438.89
6458.19
6268.89
5947.69
5809.29
5972.79
6043.19
5999.39
5716.49
5904.89
6257.99
6029.19
6324.09
6442.29
6574.39
6492.49
6456.39
6387.79
6481.49
6346.19
6508.49
6717.69
6857.19
7081.59
6970.09
6800.39
6968.59
6900.39
6903.79
6995.39
6930.79
7110.29
7205.89
7111.29
7230.59
7022.89
7102.69
6809.39
6922.29
6974.69
6993.59
6868.99
7129.49
7267.79
7293.79
7144.99
7252.49
7348.09
7434.39
7617.59
7696.49
7879.19
7924.59
7979.29
8114.49
7929.89
8024.89
8199.59
8237.79
8249.39
8346.09
8032.59
7879.09
7952.79
8269.69
8390.09
8387.89
8331.69
8109.49
8026.99
7779.69
7806.49
7951.59
8010.69
8062.29
8109.19
8120.49
8034.59
8047.49
8010.89
7848.79
7919.29
7680.99
7578.29
7707.09
7882.29
8061.09
8055.89
8085.29
7986.09
8220.59
8323.19
8261.09
8372.39
8418.29
8570.59
8549.99
8625.89
8739.19
8787.89
8827.19
8865.99
9054.19
9080.79
9041.09
9025.09
8999.39
9139.39
9422.49
9588.29
9570.09
9439.69
9537.99
9330.19
9263.89
9309.29
9289.49
9385.79
9155.19
9096.39
9001.59
9263.09
9222.49
9368.49
9381.49
9497.69
9561.49
9682.29
9677.39
9829.09
9793.19
9943.79
10018.79
10115.59
10045.39
10187.19
10132.89
9904.79
10144.99
10486.59
10532.09
10631.19
10813.89
10732.39
10629.29
10368.79
10339.49
10412.29
10510.29
10527.09
10656.29
10649.79
10489.29
10555.29
10723.89
10733.89
10913.59
10850.69
10740.89
11023.19
11175.79
11312.59
11491.29
11786.89
11755.69
11771.79
11872.89
11954.39
11854.29
11816.69
11609.39
11913.79
11892.49
12034.39
11710.19
11270.79
11414.79
11360.69
11098.19
10962.79
11274.19
11548.09
11626.69
11240.19
11333.89
11887.39
11934.09
11777.29
12067.79
12042.89
12192.99
12081.69
12278.39
12389.49
12934.69
13152.09
13454.49
13557.99
13725.79
13794.69
14002.39
14169.99
14088.08
13660.59
14076.58
14387.58
14066.08
14146.49
14304.69
14368.19
14397.89
14415.39
14631.19
14875.49
14851.19
14767.08
13962.19
14257.19
13977.39
14545.69
14641.69
14974.88
14965.28
15080.88
14403.58
14620.29
14736.29
15068.38
15053.18
15501.48
14816.49
15252.08
14784.89
14891.99
15058.28
15023.48
14930.08
14587.49
14534.29
14453.89
14237.49
14334.39
14479.79
13873.39
13860.99
14450.58
14576.49
14892.08
15261.28
15529.68
15603.88
15823.68
15731.18
15768.98
15392.18
15759.88
15819.58
15575.68
15289.28
15182.28
14602.29
14457.99
13655.39
13141.09
13494.69
12934.79
13073.89
13017.49
13170.39
12691.29
13021.39
12964.19
13442.39
13846.39
13278.29
13924.89
13772.79
14059.99
13945.09
14124.79
13577.59
13600.89
12909.79
12998.69
12412.49
12089.79
11765.89
11383.49
11895.29
11589.89
11569.49
11799.89
11686.09
11497.29
11707.29
11139.69
11411.99
11557.89
11387.89
11418.49
8997.69
9655.19
8353.19
9115.99
9343.49
8832.19
7974.39
8910.59
8491.19
8975.49
9268.39
9068.49
9486.29
9378.49
8620.09
8172.79
8450.39
8544.69
8265.49
7603.59
7620.89
6936.89
7427.79
7709.99
7927.59
8319.89
8704.79
9030.89
8888.19
9037.99
9408.09
8978.59
9308.59
9424.29
9518.99
9714.39
9580.89
9686.89
9707.79
9344.89
10041.89
10438.59
10855.09
10947.59
10901.89
11160.99
11442.69
11222.69
11452.59
11777.29
11643.79
11326.69
11743.19
11676.39
11739.79
11414.79
11580.59
11866.99
11719.29
11776.79
12032.19
11615.99
11644.99
11967.49
11939.99
12162.99
11844.99
11373.39
10947.69
10103.29
10224.89
10676.69
10333.59
11019.79
11076.99
10990.79
11071.09
11067.89
11394.19
11259.69
10918.19
10492.19
9046.09
9314.69
9407.29
9425.49
8923.39
9561.69
9971.79
9534.99
9250.79
10127.29
9991.69
10388.19
10499.79
10651.09
10275.79
10094.29
10148.19
10599.39
10689.59
10588.59
10727.59
10450.09
10720.79
10868.19
10924.79
10812.89
10428.09
10226.79
10271.69
9547.19
10014.79
10121.89
9898.09
10106.89
9859.09
9560.69
10385.09
10829.09
10746.99
10854.69
10803.59
11068.09
10822.69
10498.69
10398.39
10328.39
10710.39
10729.89
10913.19
10558.59
10584.09
10878.89
10610.49
10356.49
10226.59
10261.19
10285.69
9950.79
10135.19
9812.69
10491.99
9938.19
9484.19
10059.29
9630.69
8671.19
8647.29
8141.89
8185.49
8463.49
7910.19
8388.39
7996.89
8546.59
8798.39
8975.49
8852.99
9224.39
8596.39
8556.09
8310.09
7763.49
8558.59
8649.69
8203.39
8542.69
8566.29
8289.09
8450.59
8561.89
8657.29
8861.19
8797.09
8656.99
8527.69
8563.39
8282.69
8486.29
8281.79
8007.99
7660.49
7250.59
7040.59
7145.79
6875.99
6995.59
6566.69
6542.99
6064.99
6551.99
6718.99
6876.29
7102.19
6738.89
6664.59
6246.29
6617.59
6755.69
7047.69
7560.99
7310.29
7420.49
7882.79
8154.49
8230.69
7708.49
7954.39
7652.39
7913.39
7775.59
7968.89
7636.59
7588.19
7909.59
7934.59
7848.49
8024.09
8290.99
8130.99
8435.79
8664.69
8603.99
8724.59
8229.69
8174.89
8150.19
8178.99
8187.09
8628.09
8619.09
8329.49
7919.99
7798.39
8040.39
7915.49
8296.99
8544.79
8544.49
8582.39
8264.59
8320.59
8266.59
8070.89
7700.19
7762.69
7868.39
7844.69
7943.19
8353.59
8573.99
8735.49
8821.29
8686.79
8290.49
8654.99
8941.59
9171.79
9228.39
9420.89
9668.49
10001.79
9815.49
9838.29
9747.19
9695.89
9677.39
9837.59
9400.49
9272.69
9689.89
9900.09
9797.99
10290.59
10465.69
9868.89
9920.19
10072.39
10132.79
10070.99
10114.19
10164.19
9811.99
10053.09
10328.89
10677.19
10205.39
10292.39
10306.19
10474.49
10487.19
10478.69
10558.89
10798.69
11064.29
11113.69
11155.09
10959.89
11009.39
10538.79
10526.99
10888.09
10513.99
10104.79
10222.19
10500.19
10728.79
11148.89
10888.89
11001.89
10851.39
10567.59
10150.49
9956.79
10339.29
10477.79
10126.29
10147.99
10520.79
10770.69
10900.69
10144.99
10363.59
10481.79
10350.79
9718.99
10038.89
10581.49
10403.29
10573.09
10739.49
10879.29
11178.29
11091.89
11033.79
11419.59
11427.39
11633.99
11749.29
11359.39
11505.39
11384.99
11424.69
11317.29
11554.19
11217.59
11061.99
11030.49
10944.29
11372.29
10779.79
11036.09
11480.69
11309.29
11180.69
11178.19
10879.29
10271.69
10352.89
9821.79
9737.89
9847.19
9519.49
9603.59
10309.59
10231.49
10476.29
10360.69
10453.19
10111.39
10290.29
10310.69
10078.69
9630.69
9717.09
9682.89
9544.19
8909.19
8543.59
8722.89
8815.79
8499.49
7920.79
8194.19
8349.19
8811.59
9090.59
9051.09
8789.79
8602.29
8427.59
8850.89
9232.79
9025.69
8702.09
8721.49
8771.19
9107.29
8801.59
8490.49
8361.99
7787.69
8268.90
8185.90
8531.00
8599.90
8587.20
8539.40
8716.40
8450.60
8659.50
8908.90
9025.50
8633.40
8823.60
8779.40
8624.30
8767.90
9100.40
9201.30
8791.60
8639.20
8622.90
8674.40
8607.10
9169.60
9412.80
9367.70
9352.10
9515.90
9511.60
9380.10
9504.10
9462.70
9378.10
9500.30
9453.50
9798.50
10006.40
10245.80
10309.40
10462.90
10529.00
10326.10
10377.00
10715.80
11135.40
10897.00
10835.40
10904.20
10905.90
10978.30
10759.40
10630.80
10444.50
10488.80
10655.10
10426.60
10536.10
10658.40
10282.90
10385.70
10345.30
10325.50
10129.60
10317.40
10305.00
10381.50
10185.50
10258.00
10222.70
10197.50
10357.80
10092.70
10010.40
10053.50
10085.00
10321.10
10150.40
10182.00
10043.90
10411.40
10462.40
10479.50
10595.40
10211.20
9639.60
9832.10
9822.40
9531.10
9686.10
9761.00
9393.10
9600.40
9682.80
9767.30
9884.20
9925.40
10104.10
10271.40
10112.40
9826.50
9632.40
9746.30
9851.00
9792.10
9622.70
9905.00
9734.80
9724.80
9867.90
9739.80
9602.10
9417.30
9589.50
9399.10
9171.20
9365.30
9590.40
9389.20
9253.90
8902.00
8892.10
8730.40
8993.00
9134.80
9056.80
8916.70
9077.20
8815.50
8886.10
8556.80
8493.70
8737.80
8877.10
9069.10
9185.20
9019.40
8856.80
9123.20
9204.60
9267.70
9129.30
9342.20
9199.40
9240.30
9510.30
9468.50
9581.90
9506.00
9409.60
9117.50
9280.10
9174.60
9004.20
9236.10
9194.20
9227.20
9198.80
9335.00
9293.20
9170.50
9225.50
8897.60
8757.80
8670.40
8649.50
8812.90
8990.10
9137.90
9179.00
9184.10
8961.80
9273.80
9329.80
9430.20
9328.00
9393.70
9261.40
9254.70
9352.00
9382.70
9563.70
9675.50
9700.50
9646.60
9573.60
9681.30
9562.00
9367.90
9811.00
9956.80
9886.20
8723.20
8375.60
6629.60
6443.30
6777.90
6581.60
7070.60
6875.80
6613.90
6922.30
6783.10
6474.90
6697.50
7096.50
7872.60
7292.70
7414.20
7178.40
7403.50
7321.10
7440.40
7294.70
6877.40
6950.50
7154.30
6982.10
7133.00
6989.70
6943.20
6929.80
6628.30
6754.50
6950.90
6849.70
6893.40
6452.20
6870.40
7783.70
7977.90
8190.70
8322.90
8063.10
8037.40
8111.50
8073.70
8407.70
8230.70
8036.40
7757.50
8214.70
8055.00
8151.60
8225.00
8286.80
8644.50
8493.00
8498.20
8577.60
8565.80
8613.50
8618.60
8815.00
9059.20
9145.60
9204.00
9224.60
9088.30
9205.00
9030.60
9095.00
8907.60
8776.60
8506.20
8717.20
8675.70
8879.00
8999.80
8915.30
8922.20
8864.00
8695.30
8760.90
8873.10
8799.50
8955.00
8997.00
8906.40
9057.70
9130.60
9080.80
8753.20
8402.70
8241.70
8360.20
8311.60
8563.70
8713.80
8751.80
8806.60
8694.70
8609.80
8589.30
8798.10
8590.00
8486.60
7720.90
8142.10
8417.60
8330.60
8503.70
8606.40
8699.00
8652.30
8584.20
8322.00
8338.10
8484.50
8933.60
8724.80
8390.60
8145.90
8244.10
8176.10
8100.30
7945.90
8051.60
8156.20
8168.00
8400.40
8338.10
8063.90
7932.20
8033.10
7984.70
7583.50
7366.80
7436.90
7382.50
7545.60
7916.50
7942.70
8133.20
8127.80
8416.60
8382.60
8289.20
8112.50
8269.10
8229.10
8701.10
8881.70
8918.20
9060.20
9225.60
9117.40
9333.00
9201.50
9464.20
9285.00
8719.30
8792.50
9232.50
9312.30
9362.90
9415.60
9241.00
9147.30
9234.10
9251.50
9191.10
9317.30
9309.70
9495.00
9265.80
9593.00
9248.80
9438.30
9571.50
9685.10
9368.40
9434.30
9267.70
9338.90
9449.60
9364.60
9549.70
9502.00
9428.00
9235.80
9232.90
9029.10
8918.30
9293.90
9371.70
9761.40
9939.00
10140.80
10223.40
10095.60
10111.90
10102.10
10164.50
10094.80
9858.30
9936.60
10062.50
9896.60
9886.40
10130.60
10064.70
10305.70
10597.90
10943.20
11074.60
10916.00
10686.00
10729.50
11154.60
10854.70
11105.50
11327.70
11246.00
11322.00
11404.90
10992.30
11032.30
10943.70
11023.50
11250.60
11087.50
11165.90
10672.90
10638.50
10949.70
11278.10
11401.90
11173.00
11540.20
11753.30
11967.90
11659.20
11720.00
11925.20
11812.50
11843.00
11551.60
11635.90
11656.60
11641.30
12072.00
11752.10
11467.30
11531.60
11651.60
11720.90
11916.30
11982.60
12368.90
12688.90
12956.00
12952.00
13347.30
13257.10
13005.20
13258.40
