5.73
5.73
6.04
6.18
6.16
6.33
6.59
6.21
6.35
6.50
6.20
6.44
6.44
6.41
6.48
6.63
6.72
6.92
7.11
7.11
7.40
7.79
7.92
7.83
8.12
8.34
8.15
7.86
7.86
8.08
8.24
8.30
8.36
8.65
8.22
8.04
8.18
7.72
7.77
7.84
7.87
8.07
8.63
8.60
8.76
8.84
8.80
8.76
8.91
9.48
9.73
9.11
9.11
9.44
9.22
9.51
9.62
9.65
9.60
9.75
9.92
9.40
9.85
9.77
9.57
9.74
9.95
10.55
10.84
10.92
11.13
10.14
9.97
10.27
10.02
10.39
10.63
10.59
10.78
10.86
11.14
11.29
11.53
12.25
12.43
11.71
11.28
11.94
12.00
11.91
12.47
12.83
12.80
13.06
13.73
14.47
14.53
14.50
15.31
14.30
14.24
14.06
13.57
13.48
13.54
13.90
15.24
14.63
14.66
14.33
14.30
15.36
16.45
16.85
15.94
16.61
16.27
16.01
16.55
17.19
16.12
15.87
15.66
14.59
13.89
14.49
14.67
15.44
15.87
15.86
15.24
15.17
14.69
14.97
14.74
15.27
14.75
14.98
15.34
14.61
14.72
15.01
14.58
15.18
14.63
14.80
16.02
15.89
16.08
16.93
17.07
17.19
18.28
17.91
18.36
18.99
19.60
19.01
19.43
18.50
18.67
19.12
18.76
18.96
19.29
19.03
19.53
20.54
21.78
21.40
20.54
19.92
18.86
17.50
17.56
15.56
13.49
13.70
13.39
14.10
13.84
13.55
12.48
14.14
14.46
15.70
14.69
15.86
16.66
16.25
14.91
15.00
15.67
15.22
17.71
16.35
16.47
16.93
15.38
15.92
16.44
16.54
17.44
18.41
18.22
17.81
17.59
18.96
18.61
18.86
18.24
17.92
17.47
17.19
16.49
16.53
17.21
18.58
18.06
19.11
19.12
19.38
17.62
17.04
15.43
16.09
16.75
16.36
15.99
15.34
14.47
14.93
14.30
14.48
12.46
15.19
16.66
16.83
17.20
16.84
15.65
14.85
13.99
12.72
12.88
13.09
12.70
13.17
11.92
11.93
11.97
11.79
11.41
11.51
11.74
11.31
13.19
14.40
13.83
13.79
13.17
13.07
12.92
12.54
12.81
13.12
14.40
16.09
14.90
12.77
12.61
11.44
12.62
12.64
12.97
12.37
13.97
14.39
14.30
13.77
13.97
15.03
14.75
14.78
14.08
13.88
12.51
11.76
12.08
13.09
13.00
10.83
10.57
10.68
11.14
11.40
12.57
12.50
13.08
13.37
13.41
14.50
14.61
13.49
14.01
13.39
13.37
14.47
14.16
14.54
15.09
13.66
14.59
15.16
15.68
15.53
14.75
15.71
16.18
16.01
16.42
16.14
17.23
16.70
16.23
16.76
17.48
17.66
17.62
17.50
17.44
17.59
17.11
16.30
16.18
14.32
16.39
15.76
14.88
16.01
17.02
17.09
17.70
17.55
18.24
17.23
17.73
17.41
17.46
18.01
18.10
17.26
17.23
17.95
17.39
17.17
17.23
17.38
18.37
19.41
19.79
19.64
19.46
19.72
20.04
20.49
20.54
21.08
21.13
22.00
21.78
21.69
20.31
20.51
20.27
20.29
20.43
19.79
17.74
17.78
18.32
19.85
19.82
20.02
20.21
19.99
19.88
18.36
18.65
16.88
17.29
20.17
20.32
20.45
19.53
20.02
20.74
20.40
19.86
20.05
20.65
20.32
20.63
21.09
21.00
20.45
20.58
19.96
20.23
20.67
20.34
20.27
19.96
20.91
20.34
20.76
21.16
21.61
21.52
22.21
21.94
21.99
21.87
22.00
22.81
23.47
23.60
23.81
23.93
24.79
24.87
24.98
24.15
24.31
24.37
23.44
23.70
22.77
22.91
23.93
23.81
24.03
24.51
24.68
24.73
22.88
23.01
22.57
22.46
22.79
22.69
23.16
24.12
24.30
24.15
23.92
24.12
24.81
24.87
25.27
24.90
24.83
25.01
25.26
24.76
24.62
24.69
24.82
24.99
24.90
25.11
24.81
24.22
24.72
25.12
25.63
25.77
26.21
26.31
26.15
26.22
26.12
26.29
26.42
26.46
26.12
26.45
27.55
27.71
27.15
28.05
28.09
27.66
27.77
28.39
28.29
27.54
28.17
28.90
29.83
28.83
29.22
29.13
29.14
28.70
29.66
29.84
28.41
28.51
28.63
29.02
29.78
29.73
29.05
29.71
29.71
29.35
28.81
28.05
28.22
28.65
28.39
28.45
28.88
29.17
28.94
29.86
29.91
29.35
29.78
30.20
30.27
29.12
29.23
29.77
29.04
28.23
28.00
27.64
28.24
27.74
27.78
28.14
28.61
27.66
27.58
27.69
27.55
27.68
28.81
28.97
29.78
29.84
30.78
30.22
30.39
31.10
31.08
30.56
30.84
30.33
29.26
29.66
28.53
29.08
29.57
30.27
29.92
30.76
31.40
31.40
30.49
30.62
30.61
31.38
33.42
33.79
32.94
32.31
33.06
32.98
33.00
32.07
32.07
32.53
33.01
32.68
33.91
34.94
35.39
34.77
35.50
35.26
34.94
35.32
35.18
35.85
36.63
37.08
37.19
36.66
36.72
36.53
37.45
37.50
37.30
36.58
35.69
36.84
36.86
36.88
36.78
36.88
37.02
35.95
36.43
36.61
37.34
36.52
34.55
35.59
34.66
36.11
35.64
35.52
35.22
35.65
35.46
35.79
35.59
35.82
35.77
35.47
35.50
35.37
34.57
34.53
34.71
34.96
34.12
33.48
33.19
34.32
36.56
36.63
35.79
34.62
35.73
36.65
35.95
37.70
37.24
34.02
34.35
32.26
31.46
31.73
30.86
32.99
32.45
30.59
30.42
29.82
28.92
27.94
26.10
28.65
32.67
30.59
30.98
30.91
28.84
26.66
26.33
30.88
28.09
29.08
27.25
28.45
28.26
29.36
27.04
26.69
25.03
25.09
22.50
22.40
20.39
18.50
16.85
16.30
20.68
22.25
25.07
24.26
23.09
22.73
23.42
24.24
25.89
28.76
28.16
26.46
16.01
17.83
16.17
18.55
15.72
12.60
8.80
12.47
11.69
11.72
10.83
10.48
11.25
10.19
5.63
4.90
5.16
4.81
4.37
2.97
3.10
2.46
4.53
4.87
5.78
5.98
7.52
8.34
7.16
6.85
11.15
8.40
8.71
8.87
9.33
10.81
10.41
10.04
9.96
9.36
10.15
9.85
11.65
12.93
13.70
13.75
14.16
13.46
13.37
13.89
13.08
12.88
13.79
13.60
12.78
11.49
11.86
12.59
12.68
12.19
12.83
12.33
11.85
12.03
11.88
13.23
12.82
11.75
11.97
11.83
11.40
12.52
13.14
13.17
13.30
13.27
14.12
14.23
14.67
14.53
14.54
14.07
12.77
12.89
12.62
12.42
12.11
12.32
12.49
12.18
10.93
11.93
11.04
10.85
11.09
11.02
10.45
10.16
9.98
10.66
10.71
10.59
10.75
10.51
10.42
9.47
9.04
9.05
9.77
9.58
9.21
8.79
9.37
10.12
9.94
10.33
10.55
11.27
12.06
11.27
10.76
11.30
11.68
11.67
11.23
11.17
11.38
11.11
10.56
10.58
10.67
10.15
9.74
9.72
9.74
9.44
9.17
9.25
8.93
8.56
8.46
8.33
8.79
8.48
7.92
8.02
7.69
6.47
5.70
5.52
6.15
5.74
5.54
5.73
5.00
4.85
4.68
4.91
5.12
5.83
5.15
4.93
4.58
4.10
4.47
4.55
4.13
4.45
4.42
4.91
5.25
5.62
5.79
6.23
6.41
6.37
6.26
6.46
6.41
7.80
7.84
7.61
7.34
6.91
6.65
6.56
6.16
6.01
5.59
5.69
5.59
6.02
6.29
6.33
6.52
6.10
6.23
5.63
5.82
5.92
6.17
6.37
6.50
6.37
7.01
7.62
7.27
7.04
7.44
7.28
7.53
7.28
7.86
7.52
7.28
7.90
7.87
8.49
8.45
9.02
9.07
9.67
9.29
8.90
9.28
9.35
9.39
9.61
9.14
9.06
9.65
10.05
10.04
9.74
9.57
9.73
9.32
9.93
9.78
10.41
10.73
10.58
10.92
10.69
10.45
10.15
10.29
10.45
11.02
11.80
11.78
11.87
11.56
11.53
11.65
11.29
11.49
11.60
11.56
11.13
11.25
11.36
11.71
11.41
11.22
11.46
11.94
12.52
12.66
12.46
12.16
12.50
12.55
13.14
13.43
13.62
13.18
13.42
13.47
13.38
13.05
13.24
13.88
13.46
14.07
13.61
13.40
12.64
12.94
12.78
12.22
11.81
11.63
11.80
12.13
12.49
12.37
12.38
12.29
12.86
12.33
12.42
12.50
12.01
12.19
12.21
12.94
12.90
12.85
13.51
13.64
13.70
13.91
13.26
13.04
13.45
13.80
13.96
13.79
13.77
13.71
14.22
13.82
14.22
14.51
14.44
13.70
12.41
12.69
12.22
13.30
13.40
13.22
12.76
13.09
13.02
12.82
12.39
12.58
12.72
12.59
12.66
13.04
13.31
13.23
13.56
13.35
13.91
14.20
13.94
14.13
13.82
13.56
14.69
14.53
14.51
14.41
14.37
13.07
13.28
12.70
13.06
12.67
12.94
12.52
12.69
13.13
13.45
13.66
14.62
14.01
14.37
14.23
14.50
13.66
13.69
14.10
13.74
12.41
11.81
11.07
11.55
10.58
9.76
9.91
10.37
11.06
11.30
11.30
11.21
11.12
10.56
11.48
12.39
11.94
11.57
11.38
11.90
12.20
11.82
11.38
11.02
10.69
10.78
10.83
11.24
11.83
11.92
12.38
12.26
12.52
12.99
13.16
13.01
12.80
12.83
12.93
13.33
13.22
13.78
13.78
13.68
15.72
16.53
17.24
17.54
19.15
18.79
18.74
18.33
18.81
19.09
18.78
19.38
19.32
19.14
20.34
20.10
21.10
21.06
20.68
19.23
19.63
19.27
18.59
18.89
19.42
19.75
19.97
19.18
19.33
18.68
19.76
19.56
19.05
20.25
20.73
20.21
19.87
20.06
20.84
19.92
19.72
19.84
20.11
19.20
20.45
20.99
21.26
21.99
21.67
22.79
23.32
23.34
22.24
22.33
22.31
23.57
24.48
24.47
25.17
24.87
25.55
26.28
26.73
27.13
26.92
25.55
26.94
26.99
26.65
27.67
27.21
24.67
25.36
25.06
25.20
25.59
25.50
24.78
26.15
25.59
25.51
24.86
25.48
24.86
24.62
23.94
23.80
24.24
25.58
26.37
26.76
26.48
26.10
26.23
26.26
26.20
25.91
26.48
25.14
25.79
24.28
24.16
22.52
23.80
24.33
23.68
23.01
24.23
21.70
21.00
20.05
20.93
21.95
22.33
25.14
25.38
24.35
24.27
24.98
24.95
25.15
24.71
25.27
23.29
23.79
25.08
26.02
25.90
26.17
26.48
25.51
24.49
24.30
22.94
23.74
24.31
24.38
25.14
25.37
25.53
25.49
26.68
25.47
24.56
23.44
22.95
23.85
24.04
26.33
25.83
25.62
24.76
25.23
26.49
27.68
27.75
29.03
28.74
28.96
29.08
29.39
30.22
30.68
31.02
30.63
30.49
30.46
29.43
28.81
30.37
30.58
30.15
25.01
22.56
21.34
17.37
19.08
17.69
21.95
20.56
19.59
20.38
20.82
18.93
20.01
21.30
24.83
22.04
22.45
20.59
20.71
21.36
20.65
21.65
22.13
23.22
23.54
22.21
23.39
23.60
22.84
22.58
21.04
21.68
22.71
21.71
22.30
21.22
21.77
24.18
24.01
25.96
26.23
25.74
25.83
27.00
27.31
29.31
29.74
28.43
26.72
29.17
30.07
31.12
31.28
33.28
34.36
34.89
35.03
35.76
36.21
35.45
35.48
36.70
38.20
38.36
38.40
38.39
39.18
38.07
35.27
37.85
37.42
36.41
34.48
34.28
34.88
36.51
37.86
36.71
38.64
37.33
36.81
37.02
38.52
39.38
40.53
42.38
43.48
43.67
42.93
42.88
41.50
41.83
40.10
40.89
40.30
40.80
40.86
45.17
44.00
41.26
42.13
44.34
44.01
42.21
41.35
37.61
37.22
39.59
40.36
37.75
36.61
34.67
34.66
32.93
34.56
32.46
31.25
34.17
33.40
30.79
29.63
29.99
29.29
29.51
29.94
31.03
31.38
31.52
33.69
32.93
31.59
31.03
32.65
31.88
29.65
28.22
28.73
29.62
32.66
33.80
34.37
35.89
34.75
35.22
33.71
30.43
29.79
30.52
31.13
32.34
33.11
31.81
33.32
34.24
33.44
33.22
32.15
32.10
28.63
26.31
25.67
27.05
26.33
27.92
28.25
27.70
26.21
25.62
26.59
26.78
27.16
27.91
27.83
26.46
27.35
27.20
27.75
30.49
30.42
29.84
29.83
27.75
27.17
27.63
27.27
27.73
26.57
26.32
25.06
25.73
25.29
24.20
27.32
26.61
28.82
28.58
29.76
30.00
32.56
32.40
32.63
33.37
31.79
31.22
32.40
32.43
32.05
33.04
32.87
33.29
34.74
34.56
36.16
37.01
36.22
34.93
36.08
36.92
36.35
37.52
38.34
38.74
39.03
38.82
38.53
38.77
39.05
39.68
40.83
42.12
40.91
36.90
37.58
38.63
39.05
40.01
38.06
38.20
39.80
38.94
39.64
41.46
41.82
41.40
41.27
44.60
46.20
46.45
46.95
46.20
45.38
43.89
44.06
44.53
44.83
46.24
46.23
46.01
47.10
46.67
44.53
45.81
41.14
40.89
42.47
41.25
34.39
35.95
37.41
36.92
