2.88
3.14
3.07
3.10
3.28
3.36
3.19
3.26
3.34
3.50
3.47
3.67
3.98
3.53
3.56
3.60
3.70
3.73
3.62
3.44
3.67
3.59
3.44
3.47
3.30
3.31
3.67
3.84
3.82
3.72
3.35
3.38
3.31
3.63
3.39
3.47
3.37
3.32
3.29
3.53
3.47
3.57
3.84
3.76
3.97
3.67
3.65
3.93
3.88
3.96
4.01
3.88
4.21
4.36
4.26
4.41
4.49
4.55
4.56
4.65
4.72
4.75
4.61
4.54
4.31
4.64
4.57
4.74
4.78
4.77
4.73
4.70
4.70
5.03
5.30
5.16
5.23
5.26
5.17
5.24
5.27
5.51
5.72
5.78
6.02
5.87
6.14
6.42
6.47
6.50
6.47
6.69
7.36
7.83
7.71
7.51
7.29
7.48
7.43
7.60
7.22
7.20
7.23
7.29
8.26
8.72
9.27
8.96
8.86
9.43
9.52
9.52
9.95
9.97
9.79
9.95
9.96
10.79
10.63
10.80
10.75
10.20
10.54
10.15
10.54
10.59
10.38
10.24
10.36
10.48
10.15
10.39
9.98
10.10
10.23
10.58
10.86
10.99
10.50
9.88
9.27
10.07
9.75
10.38
10.61
11.45
12.14
12.09
11.91
13.01
12.70
12.65
12.56
13.48
14.28
13.66
14.14
14.14
13.76
13.17
13.73
13.14
13.02
13.24
13.17
14.54
16.03
16.47
17.38
18.11
17.47
16.88
16.26
16.01
16.98
16.16
14.84
16.01
16.18
17.36
15.99
14.87
16.13
16.33
16.26
16.78
16.89
17.45
19.66
19.56
20.57
21.16
21.76
21.29
23.01
22.99
23.99
26.87
24.57
24.22
22.68
23.05
23.79
24.59
26.28
27.35
28.46
28.94
26.60
26.41
24.97
24.28
23.61
23.82
24.78
24.43
23.99
26.10
26.08
28.25
28.63
30.53
27.71
26.35
26.14
26.00
25.60
28.63
29.44
29.17
29.61
27.92
27.63
29.15
27.04
28.46
28.42
28.12
27.39
26.41
27.98
29.52
28.83
35.39
36.06
35.85
34.22
34.47
31.86
30.17
32.72
30.69
29.19
28.04
29.52
31.01
30.51
34.30
32.63
27.35
22.76
24.24
21.42
21.84
21.13
19.98
18.87
20.36
21.13
22.28
23.86
24.57
25.18
24.24
22.20
21.40
21.23
22.24
21.80
21.69
21.55
21.28
19.71
19.42
18.52
17.06
16.50
20.02
20.78
20.96
20.69
21.21
21.48
17.39
16.72
15.10
14.26
13.32
15.08
16.43
18.73
19.65
18.67
18.16
17.60
17.43
17.41
17.41
16.75
17.37
16.79
17.25
19.09
21.19
20.61
21.72
21.31
20.91
21.77
21.60
22.47
20.89
21.14
22.42
20.28
21.91
21.24
20.10
20.54
20.12
19.00
19.05
17.52
17.01
17.68
15.26
15.71
17.72
17.31
17.78
19.10
18.85
20.02
20.19
19.87
19.72
20.83
20.71
20.74
20.84
21.16
21.07
20.30
19.59
19.24
18.62
18.49
17.81
18.84
19.64
19.19
18.56
18.52
17.16
17.17
17.56
15.81
15.22
15.37
17.20
16.35
15.63
15.96
16.97
16.05
16.80
16.84
15.92
15.22
13.93
13.64
14.78
15.35
16.03
15.07
14.68
14.71
14.57
13.89
13.44
15.01
16.32
16.18
16.27
16.92
17.41
17.88
17.71
17.03
16.12
16.29
16.27
16.52
17.17
15.80
15.31
14.57
14.30
14.83
15.13
14.60
14.52
15.32
16.37
15.20
15.46
14.91
15.71
15.54
16.08
16.24
15.75
14.92
15.16
14.58
15.19
16.22
15.79
16.33
16.83
16.57
16.57
16.12
15.76
15.74
16.15
16.34
17.49
17.46
18.46
17.37
17.92
17.81
17.82
16.49
16.20
16.17
15.80
15.56
15.93
16.10
16.51
16.95
16.86
17.01
17.14
17.23
17.65
17.13
16.78
16.47
16.46
16.44
16.33
15.72
15.26
15.51
16.02
15.79
15.59
17.06
16.19
15.97
16.02
16.04
16.25
16.08
16.59
17.56
17.70
17.70
17.26
17.03
17.37
17.65
16.81
16.74
16.85
17.01
16.85
17.08
17.09
16.96
17.55
17.39
17.39
17.24
17.38
18.21
18.62
16.69
18.42
18.86
18.75
18.67
18.71
18.51
18.47
18.09
17.76
18.13
18.23
17.99
17.65
17.54
17.49
17.43
16.89
16.87
16.76
17.33
16.99
17.35
17.58
17.52
17.58
17.88
18.17
17.72
17.72
17.45
17.45
17.22
17.49
17.97
17.90
17.85
19.35
18.85
18.62
18.85
18.89
18.58
18.22
17.66
17.98
17.19
17.24
17.32
17.84
18.63
19.07
19.62
19.46
19.64
19.43
18.86
18.68
18.33
18.86
19.06
18.51
19.48
19.31
18.71
18.72
18.73
18.94
19.11
19.34
19.00
19.14
19.17
19.04
19.10
16.99
16.74
16.30
15.87
16.75
16.07
15.48
15.61
15.89
16.45
16.45
15.74
16.86
17.12
17.15
17.25
18.21
18.32
18.31
18.14
19.03
18.89
19.38
19.75
20.11
20.15
20.09
20.36
20.72
20.84
21.16
20.71
20.91
21.47
21.08
21.24
21.08
22.20
22.12
21.76
21.47
20.61
20.44
20.62
19.81
19.47
19.50
20.00
19.89
20.37
20.42
20.71
21.49
21.81
22.04
22.00
21.82
21.90
21.51
21.83
21.11
21.10
21.46
21.35
22.31
21.04
20.73
20.55
20.23
20.70
20.64
20.43
20.86
20.58
21.17
21.44
21.68
21.68
25.17
26.63
24.23
24.49
24.59
24.22
24.89
25.45
25.99
26.04
24.78
24.44
23.79
23.74
21.95
20.59
20.49
19.95
19.68
20.17
20.23
21.12
20.20
21.10
20.46
21.71
21.59
21.16
21.27
21.70
20.37
20.57
19.97
21.11
20.50
20.07
18.87
18.34
18.78
19.00
18.48
20.43
20.20
20.22
19.90
18.70
20.14
18.35
19.98
19.19
15.68
17.45
16.01
16.28
15.68
14.63
14.35
14.84
14.59
14.21
14.04
14.04
14.92
14.33
14.47
12.63
12.55
14.43
14.01
13.21
11.94
11.29
12.31
12.61
13.40
13.86
14.54
14.19
15.46
14.96
14.35
14.95
14.60
15.54
16.47
17.35
17.90
17.37
17.38
16.65
18.07
17.44
17.50
17.53
17.62
18.16
18.46
18.42
18.60
18.90
19.11
18.67
19.11
19.82
20.96
20.74
21.33
22.16
22.16
21.95
22.53
22.43
22.81
23.29
22.90
23.04
23.19
21.76
21.17
21.05
20.99
21.62
21.64
21.58
22.09
22.34
22.39
22.01
22.90
23.15
23.37
23.05
21.29
21.84
20.26
19.56
19.56
19.46
20.05
18.60
17.64
18.40
18.87
19.57
19.57
19.37
18.50
18.37
18.24
18.52
18.18
19.23
18.89
18.59
18.73
19.47
19.35
20.33
20.47
20.03
19.58
19.37
20.72
20.97
21.40
21.71
21.41
21.94
21.71
21.49
21.28
21.30
20.90
20.75
20.48
20.02
19.81
19.13
19.77
19.66
20.11
19.57
19.69
20.00
19.96
19.31
18.89
19.23
18.57
18.41
18.84
18.87
20.21
20.91
20.80
21.38
21.28
19.94
19.49
18.68
19.73
20.16
20.12
21.19
19.58
19.45
20.51
21.31
21.23
21.08
20.51
21.03
19.77
19.13
19.86
20.24
20.47
20.50
20.44
22.13
22.24
23.39
23.01
23.81
24.01
24.61
24.95
25.43
25.35
25.84
25.37
25.57
24.98
24.42
25.69
25.35
24.55
24.70
23.20
23.18
22.70
23.65
23.95
24.49
24.40
24.08
23.45
24.03
23.74
23.73
24.27
24.65
24.54
24.75
24.85
25.06
25.05
23.90
23.97
23.45
23.00
22.65
23.69
23.15
21.30
22.43
21.55
21.42
21.71
22.22
21.50
21.65
21.72
22.06
22.57
22.61
22.31
22.68
22.48
22.82
22.86
22.89
23.06
23.36
23.43
23.50
24.30
25.95
27.34
26.69
28.47
28.17
28.69
29.32
28.28
27.35
28.39
28.12
29.32
25.81
25.99
26.22
26.88
26.14
28.77
27.65
25.79
27.34
27.15
27.54
28.05
28.25
28.94
29.58
29.41
31.28
31.33
31.10
31.81
32.00
30.60
30.70
31.10
30.79
30.06
30.35
30.70
31.56
30.50
31.38
31.68
32.20
31.85
31.68
33.75
33.87
33.51
32.95
33.62
33.54
33.36
33.23
33.47
33.95
34.65
35.11
34.89
35.27
35.76
35.38
35.62
37.82
37.66
36.27
36.56
37.91
38.21
38.69
39.10
39.77
40.47
39.52
39.25
37.50
37.16
39.28
39.98
41.46
42.22
40.86
40.97
41.49
40.23
40.84
41.03
40.07
40.44
39.63
40.43
34.62
36.34
37.60
37.59
37.85
36.56
35.71
37.01
35.36
34.77
36.01
35.92
41.32
42.00
41.21
41.69
40.48
40.71
40.08
39.93
40.05
39.32
38.57
38.75
40.50
39.91
40.57
40.60
40.83
37.41
38.41
37.26
38.02
38.02
38.42
39.85
41.19
41.54
46.23
46.03
48.02
46.20
47.38
47.47
49.22
47.59
47.65
49.01
48.84
46.07
44.89
46.03
48.50
44.16
44.46
45.62
45.48
46.13
47.05
47.43
48.06
49.27
48.25
49.34
45.91
44.22
44.68
45.29
44.88
46.71
46.24
45.96
44.76
44.49
45.68
46.69
47.94
50.51
50.61
51.75
51.73
51.44
52.13
51.81
50.50
51.43
51.59
51.75
51.93
51.59
53.60
53.79
52.74
53.02
54.22
54.75
53.59
56.05
56.35
57.20
56.20
56.84
56.71
56.75
59.50
57.60
57.89
58.45
58.80
58.46
59.08
59.03
59.13
59.93
59.77
59.10
60.42
62.29
62.79
62.22
61.59
64.02
65.67
64.35
64.06
65.17
63.08
63.57
66.61
67.53
66.84
66.51
66.35
66.34
67.00
68.03
68.06
69.29
68.46
68.53
69.92
71.29
72.51
77.11
77.41
77.16
75.81
76.99
77.91
77.82
80.31
79.07
79.10
81.55
82.85
83.22
86.97
84.86
81.54
85.07
87.38
86.44
89.69
87.88
80.99
84.79
83.82
86.47
88.25
89.02
88.40
90.76
89.52
91.77
94.04
94.82
93.42
93.69
92.01
94.38
98.37
99.15
100.47
100.80
101.70
100.37
101.53
105.21
101.35
106.18
107.02
107.12
105.02
102.63
101.77
100.18
99.43
102.63
101.43
96.95
104.31
98.60
99.74
92.40
94.43
95.88
96.70
101.32
100.81
96.68
99.40
101.80
104.39
106.30
104.40
109.50
110.57
111.42
113.26
114.26
116.55
122.70
121.77
120.10
120.99
119.70
117.27
124.59
125.59
129.87
127.02
129.96
131.70
129.54
134.02
129.81
130.57
129.08
126.90
131.15
132.33
130.64
132.65
131.03
131.40
132.88
130.72
133.88
136.73
138.86
142.67
142.31
144.50
144.86
147.51
150.26
151.74
151.41
154.01
159.51
157.54
162.50
175.54
176.93
170.48
155.07
154.65
152.03
131.47
143.29
147.24
158.07
170.95
167.08
167.09
176.77
175.32
175.65
175.89
179.68
180.20
187.31
188.45
197.98
205.09
194.73
193.22
196.78
203.95
200.51
204.47
220.25
206.14
196.31
192.81
199.96
198.39
207.64
211.35
208.05
194.81
215.26
208.32
202.43
207.63
206.79
205.73
210.87
214.88
214.56
211.86
205.14
217.97
223.77
233.65
236.34
232.46
224.69
223.94
227.95
222.73
228.65
234.33
247.38
252.11
252.51
243.83
244.10
239.94
237.06
241.97
243.05
249.93
251.42
256.84
269.08
269.36
272.09
280.73
276.12
280.53
283.81
294.97
291.03
292.41
287.13
291.17
290.67
280.71
286.30
295.39
300.19
322.00
326.31
326.95
333.16
320.70
314.21
333.21
314.98
325.58
327.16
305.49
301.75
287.97
299.87
297.61
287.01
280.09
289.81
282.55
273.01
292.85
296.02
301.62
289.48
272.77
267.12
270.52
267.80
254.53
246.19
266.97
263.82
247.18
241.97
261.56
253.62
261.52
250.83
254.39
274.30
276.42
285.21
279.58
262.49
250.71
258.94
239.63
232.95
228.04
229.35
223.79
237.07
230.95
216.77
241.95
236.18
243.01
250.40
240.97
240.26
234.41
235.48
220.86
234.90
235.87
243.66
253.67
258.33
253.39
245.32
251.29
244.70
275.06
276.18
283.79
287.03
281.66
281.29
302.45
305.79
304.13
313.36
328.39
330.87
322.38
337.71
330.50
335.94
332.67
340.58
339.13
333.80
323.35
316.68
312.21
319.29
324.91
330.45
326.45
313.39
312.15
323.52
323.99
322.94
326.05
348.77
365.45
365.63
373.88
370.99
370.71
367.24
371.06
372.50
364.29
384.82
394.92
400.13
407.35
416.59
400.26
407.23
412.35
403.14
413.26
425.49
417.53
422.30
418.70
396.10
403.24
403.58
411.60
417.03
427.67
412.73
421.40
440.01
447.18
444.36
464.85
450.93
434.58
422.81
406.13
403.67
416.05
415.13
415.47
400.10
428.87
433.53
426.31
414.40
414.66
416.49
426.44
408.73
420.85
413.34
415.33
422.61
442.68
446.37
435.73
429.67
422.50
418.11
428.17
443.17
414.23
408.93
407.61
407.39
396.99
393.31
388.56
391.26
378.80
359.84
388.45
367.78
359.12
