6.80
6.82
6.97
6.86
6.95
6.92
7.01
7.01
7.16
6.92
7.01
7.11
7.11
7.27
7.13
7.01
6.89
6.91
6.97
7.00
7.15
7.39
7.26
7.25
7.39
7.50
7.60
7.49
7.64
7.57
8.04
7.96
7.88
8.28
8.33
8.24
8.22
8.45
8.07
8.22
8.08
8.18
8.37
8.33
8.41
8.15
8.10
8.08
8.32
8.33
8.73
8.37
8.38
8.63
8.42
8.54
8.75
8.98
8.75
8.86
8.62
8.90
8.97
9.08
9.26
8.81
8.59
8.75
8.32
8.58
8.60
8.49
8.75
8.81
9.05
8.69
9.16
9.00
9.31
9.22
9.20
9.31
9.49
9.77
9.92
9.98
9.96
10.48
10.50
10.37
11.12
10.82
10.54
10.90
10.62
11.01
10.99
10.62
10.64
10.72
10.97
11.46
10.80
10.73
11.34
11.18
11.95
12.24
12.41
12.78
12.65
13.07
13.61
13.55
12.90
13.79
13.18
12.90
13.41
13.58
13.23
12.59
13.48
13.15
13.75
13.55
14.14
13.80
14.01
13.87
13.67
13.46
13.20
12.92
13.18
13.83
13.19
13.84
13.41
13.03
13.13
13.38
12.57
13.15
12.78
12.83
13.41
13.75
14.00
13.88
13.66
14.00
14.62
14.73
15.07
14.53
15.69
16.00
16.47
15.94
16.05
15.45
15.44
15.73
15.18
15.34
15.82
15.96
15.70
15.85
15.41
15.38
14.66
14.97
15.61
14.88
14.55
15.55
15.01
15.06
16.08
15.59
16.81
15.70
15.78
16.19
16.06
15.95
16.48
15.84
16.53
16.82
16.53
16.20
16.46
15.74
15.81
15.56
15.88
15.38
15.26
14.83
15.53
16.47
16.28
15.95
15.63
16.64
17.81
17.45
18.51
18.48
17.55
18.53
17.89
18.07
17.68
18.00
17.06
17.80
17.79
17.76
17.72
17.77
18.00
18.26
18.58
17.85
17.79
18.10
17.98
16.84
16.80
16.37
16.20
17.30
16.67
15.90
17.53
18.04
17.66
18.69
18.75
18.71
18.98
18.24
19.23
18.96
19.24
17.86
18.31
16.73
17.08
16.18
17.23
17.54
17.56
17.59
17.76
18.11
17.93
17.99
17.69
18.21
18.68
18.71
18.86
18.13
18.13
19.31
19.03
17.97
17.97
17.75
17.65
18.31
18.70
18.63
19.09
19.09
18.99
19.22
20.25
19.91
20.51
20.58
20.83
20.35
20.15
20.14
20.61
20.89
21.84
20.54
20.47
19.46
20.08
20.11
19.25
19.15
18.37
18.73
19.19
19.86
19.53
19.41
19.35
19.99
18.99
17.88
18.83
19.09
19.06
19.80
20.71
20.35
20.38
21.07
20.58
20.78
20.88
20.77
20.77
20.41
20.28
20.09
20.27
19.97
19.28
19.33
19.02
19.60
18.87
19.22
19.38
16.84
18.52
19.12
19.88
19.05
19.30
18.69
18.92
17.75
18.17
17.68
18.00
17.43
18.20
18.81
18.91
18.20
18.15
18.51
18.44
18.10
18.50
19.37
19.97
20.41
20.74
20.67
20.84
20.27
19.64
20.22
19.02
19.30
18.53
19.23
19.24
19.10
18.86
18.73
18.77
19.57
19.38
17.47
15.50
16.78
16.08
17.27
17.74
17.40
17.07
16.52
16.41
15.82
15.80
15.91
16.63
17.33
16.90
16.69
16.66
16.89
16.58
16.86
17.03
16.98
17.30
16.79
17.20
17.08
16.82
15.84
16.55
16.16
16.31
16.67
16.60
16.97
16.78
17.56
17.58
17.33
16.75
17.09
16.97
17.58
17.30
17.42
17.68
17.88
18.35
18.64
18.13
17.87
17.72
17.49
17.63
17.57
17.36
17.94
18.10
18.07
18.65
18.78
18.67
18.30
18.20
18.68
18.95
19.13
18.73
18.10
17.59
17.93
17.61
18.03
18.32
18.96
19.73
19.95
20.24
20.07
20.18
20.45
20.32
20.18
20.88
21.07
21.14
21.30
21.07
20.80
20.42
21.01
21.28
21.99
21.54
21.33
21.68
21.69
21.49
21.82
21.88
22.19
22.69
22.32
22.56
22.93
23.12
22.86
23.36
22.76
22.66
22.97
23.06
23.89
24.04
24.55
24.28
24.81
25.30
24.88
24.72
24.98
25.58
25.59
25.71
26.36
25.65
25.59
25.41
26.52
26.16
25.41
26.06
25.74
26.16
28.21
28.63
30.46
32.44
32.60
31.31
32.13
30.25
31.05
30.77
28.81
30.47
29.24
29.54
27.54
27.84
29.27
29.46
30.09
31.38
29.97
30.05
30.61
29.98
30.67
30.28
29.94
31.47
30.46
30.25
31.43
32.73
32.99
33.06
32.91
30.87
30.37
28.68
29.16
29.99
29.27
30.32
31.29
30.75
30.45
30.22
29.72
29.24
30.94
31.74
31.51
31.91
31.96
30.94
31.69
31.62
31.91
30.97
31.95
32.01
31.85
32.10
32.22
34.02
33.01
33.49
32.57
31.79
32.39
32.43
30.93
30.93
30.56
32.27
33.05
34.14
33.63
35.24
36.13
36.68
36.51
37.22
35.98
35.30
34.16
34.30
35.46
35.68
36.14
36.75
37.76
38.12
39.32
38.78
38.41
40.97
40.07
41.02
40.02
40.67
38.87
38.56
39.02
39.06
40.09
39.92
40.13
40.09
37.31
37.90
37.23
39.98
40.21
41.16
41.26
42.51
42.83
42.93
43.29
44.57
44.70
45.08
44.26
46.00
44.17
44.90
46.28
48.35
49.21
45.81
43.93
45.23
45.22
46.05
46.07
46.08
47.65
49.61
49.74
49.10
50.24
49.52
49.55
47.25
46.67
45.91
47.63
48.10
49.36
49.19
50.40
51.25
49.68
48.72
45.90
45.28
46.37
44.08
46.26
47.23
47.14
44.69
46.55
46.05
46.17
48.08
48.02
50.93
50.10
48.55
48.12
50.43
49.36
48.31
47.23
48.09
46.21
47.10
48.04
46.52
44.38
44.46
43.39
42.84
41.94
43.93
43.77
41.37
42.39
43.55
44.12
42.63
34.11
37.22
37.77
40.55
40.45
40.54
41.71
44.10
42.14
44.26
41.27
42.47
44.92
42.68
42.97
42.93
42.08
44.20
41.24
39.39
37.54
35.40
37.16
36.54
38.69
38.95
38.62
36.91
36.81
37.61
39.15
38.21
38.29
38.58
40.59
41.04
39.52
38.41
38.10
36.22
38.11
40.21
39.15
38.64
37.94
39.13
39.24
38.72
39.16
39.17
38.45
37.26
38.77
40.92
41.17
40.11
40.62
40.56
41.87
42.14
41.79
41.00
38.39
38.65
38.38
39.13
38.90
37.21
36.27
36.48
36.48
37.32
36.83
37.66
37.85
37.98
37.70
38.31
38.96
38.49
39.23
38.40
36.09
36.03
34.73
34.49
33.96
35.29
35.99
33.71
32.27
33.53
33.06
34.06
34.04
35.35
34.17
33.83
34.35
35.23
35.16
34.92
35.47
35.93
36.99
37.45
38.11
38.20
40.21
40.78
40.78
40.02
41.16
41.73
41.72
42.32
42.27
43.70
45.00
45.66
45.66
48.15
47.88
49.11
49.60
49.44
47.72
46.99
48.60
49.21
49.95
48.99
50.19
51.13
48.06
47.00
47.67
48.29
47.45
46.63
46.18
44.87
47.93
48.17
48.51
49.81
46.63
43.73
42.08
41.06
42.74
42.44
41.78
43.86
40.78
42.73
43.28
45.95
47.14
47.94
46.19
46.90
46.10
43.74
47.22
48.14
47.44
50.43
50.16
50.38
50.23
51.78
50.80
50.26
49.59
50.95
51.97
51.37
50.16
51.44
50.91
51.61
50.47
49.36
50.76
51.22
50.32
49.45
48.81
49.18
46.69
48.44
49.86
49.20
51.27
50.81
51.21
51.50
52.40
52.46
52.99
53.31
53.10
52.65
54.23
55.66
55.43
55.15
55.81
54.90
55.57
54.65
54.44
52.59
52.46
54.06
53.49
53.76
53.45
52.93
51.64
53.98
54.38
55.10
55.66
54.64
53.77
53.96
54.47
54.62
54.33
54.58
54.53
55.03
54.36
54.35
53.41
53.74
54.98
55.05
56.43
56.28
55.63
56.24
55.70
55.02
55.56
56.31
57.43
58.52
58.29
56.54
55.79
54.43
54.19
53.97
54.02
54.74
54.90
53.81
53.45
53.84
54.21
54.47
55.61
57.42
59.39
59.23
58.27
59.63
59.42
61.52
63.28
62.03
62.66
61.82
59.13
57.45
56.47
59.08
59.66
60.44
59.64
58.68
59.21
61.34
61.12
60.72
63.04
63.04
64.04
64.00
63.67
64.04
63.54
64.22
64.88
65.63
63.97
64.84
64.31
64.93
65.22
62.45
63.04
62.59
62.69
63.30
63.18
60.96
61.81
60.74
59.78
58.30
58.05
60.14
61.55
61.48
60.96
62.06
58.04
60.14
55.52
60.03
59.75
59.51
59.04
58.41
58.27
56.04
58.66
60.31
58.08
57.19
55.31
54.17
54.60
53.98
54.45
55.26
56.15
56.17
57.39
57.48
56.42
56.34
55.49
54.89
54.72
55.49
54.61
54.14
53.54
53.80
52.06
51.58
50.03
51.03
47.41
49.35
47.63
47.78
47.77
48.14
49.88
52.10
54.22
54.55
54.39
55.52
51.34
52.91
53.86
52.29
49.29
51.24
52.60
51.69
49.52
51.44
50.77
51.62
53.10
53.73
55.20
54.70
55.06
54.99
56.34
56.19
55.51
55.67
56.85
58.56
59.15
59.22
59.32
60.55
60.73
59.62
60.71
61.21
60.31
63.31
63.11
64.18
63.43
60.01
59.08
59.27
59.74
59.38
59.49
59.09
57.18
56.78
59.39
59.02
58.89
58.94
57.69
56.87
58.29
58.54
59.81
59.75
61.10
62.59
62.27
61.96
60.75
59.28
58.96
58.70
57.35
56.65
56.64
56.17
57.12
56.54
56.81
56.27
56.81
57.33
56.59
55.90
56.56
56.82
57.19
57.29
57.03
55.59
57.43
58.38
57.07
56.45
56.10
56.84
56.03
55.66
56.09
54.69
54.11
54.17
54.06
55.65
56.54
56.43
57.88
57.69
58.19
58.68
59.11
58.73
58.56
57.18
58.02
59.47
58.90
59.17
59.84
59.60
61.82
62.37
62.10
63.42
60.24
54.00
55.10
55.81
54.39
53.68
54.08
52.47
53.71
53.90
56.04
56.87
56.00
55.36
58.51
59.12
57.24
59.51
60.79
58.66
59.18
60.16
59.87
60.58
59.19
59.57
58.32
57.75
57.50
58.50
58.90
60.12
60.92
62.57
62.46
62.70
59.79
60.22
56.96
60.21
59.41
58.60
56.02
59.00
57.62
56.09
50.55
50.59
52.80
53.23
54.17
53.23
56.34
54.90
58.31
58.84
60.03
59.29
60.14
60.39
60.63
61.90
60.72
60.88
60.40
58.13
57.45
57.61
56.24
53.71
56.60
56.43
58.97
58.16
57.78
58.92
56.92
56.78
54.46
53.77
51.84
51.86
52.62
54.50
55.82
55.39
54.93
53.00
53.01
51.95
53.21
53.48
54.38
53.81
53.95
52.98
54.06
53.84
54.39
54.35
54.69
53.77
53.32
51.58
48.31
47.80
47.17
46.64
40.58
37.62
30.07
25.83
29.15
30.93
34.02
34.09
34.50
34.03
36.43
33.13
35.86
36.56
42.68
37.93
36.97
35.08
35.45
34.30
35.00
34.92
33.84
34.93
34.74
33.63
33.37
32.05
30.26
30.50
28.41
27.04
28.49
27.96
28.01
26.75
26.88
29.59
31.02
33.75
35.00
36.78
35.88
34.94
34.62
38.18
40.22
39.83
37.66
41.95
42.43
44.73
46.44
52.04
52.93
48.25
49.29
49.01
47.72
48.39
47.46
48.89
53.32
51.90
51.05
50.58
53.25
53.87
52.34
56.03
54.74
53.06
49.67
49.43
49.88
50.14
49.19
46.39
49.06
48.26
47.48
48.52
50.66
53.59
54.69
55.05
55.52
56.71
57.19
56.14
54.08
54.60
54.28
56.17
53.51
54.40
54.55
61.40
64.07
64.33
67.11
72.57
71.50
69.73
70.16
75.79
76.54
70.91
76.79
74.92
78.27
79.16
76.73
76.84
82.64
80.09
83.64
88.86
90.23
91.47
78.42
79.13
79.72
78.38
76.98
79.29
88.26
80.54
85.59
86.50
89.98
87.89
88.72
85.70
78.84
80.27
92.89
91.19
97.33
101.78
103.26
104.77
103.05
104.92
101.82
95.96
97.04
100.72
102.23
102.44
104.87
105.05
107.15
103.73
110.45
103.13
103.43
105.36
100.66
93.24
96.69
102.41
107.45
108.38
108.35
110.52
101.50
98.79
99.24
98.89
99.63
101.16
99.04
96.46
101.03
97.18
95.09
97.87
98.12
101.19
105.35
103.66
102.81
107.82
109.80
110.84
109.16
111.67
101.79
104.35
105.50
100.25
102.36
98.54
99.69
100.22
98.71
95.41
96.71
97.67
95.82
98.36
95.80
92.92
98.72
97.73
97.54
99.42
100.45
102.38
104.84
107.64
109.78
112.44
117.41
116.44
115.97
114.11
112.21
114.11
115.73
110.61
114.35
109.95
106.40
108.01
112.27
110.56
110.46
113.19
114.42
113.98
115.90
115.24
114.35
115.94
110.73
109.27
113.32
113.86
122.71
121.52
117.98
117.47
113.00
119.06
117.29
120.71
116.91
112.56
109.86
104.93
105.54
106.90
105.60
111.32
107.70
105.88
107.92
107.28
110.69
111.33
109.02
111.90
115.50
117.73
104.34
103.14
106.92
105.35
